RadForc <- matrix(0,NHistYear,1)
TempAtm <- matrix(0,NHistYear,1)
TempOc <- matrix(0,NHistYear,1)
l1 <- 0.0256
l2 <- 1.15
l3 <- 0.00738
l4 <- 0.00568